latitude = 52.516313944000835
longitude = 13.377667565271926
